%% Lab 3

%% Part 1

x1 = [-1 -1 1 1];
x2 = [-1 1 -1 1];
t = [-1 1 1 -1];

eta = 0.1;
theta = 0.001;


